ENV="development"

BOOL_TEST=true

F64_TEST=1.7976931348623157e+308
F32_TEST=3.4028235e+38

I128_TEST=170141183460469231731687303715884105727
I64_TEST=9223372036854775807
I32_TEST=2147483647
I16_TEST=32767
I8_TEST=127

STRING_TEST='string_test'

U128_TEST=340282366920938463463374607431768211455
U64_TEST=18446744073709551615
U32_TEST=4294967295
U16_TEST=65535
U8_TEST=255